set terminal png size 500,300; set zeroaxis;; 
set term png
set out "/Users/augusto/maxout_7.png"
set xlabel "w"
set ylabel ".006466681888873831*w/(.1851980820018972*w+.8148019179981028)"
set xrange [0.     : 80.    ]
set yrange [0.     : 0.1    ]
set zeroaxis
set datafile missing "NaN"
plot [0.    :80.    ] [0.    :0.1    ] '-' notitle with lines lt 3
0.     0.     
8.62068965517241400e-2 6.7103338904725380000e-4 
0.1724137931034483     1.3167617788187802000e-3 
0.25862068965517243     1.9385900754248453000e-3 
0.3448275862068966     2.53782107614846000e-3 
0.4310344827586207     3.1156645805067584000e-3 
0.5172413793103449     3.6732455428525446000e-3 
0.603448275862069     4.211611382121147600e-3 
0.6896551724137931     4.731738548661942300e-3 
0.7758620689655173     5.23453843477652000e-3 
0.8620689655172414     5.720862704231915000e-3 
0.9482758620689655     6.1915081063107680000e-3 
1.0344827586206897     6.647220831639732000e-3 
1.1206896551724137     7.088700459886219000e-3 
1.206896551724138     7.5166035432520820000e-3 
1.293103448275862     7.931546864370917000e-3 
1.3793103448275863     8.3341104026085010e-3 
1.4655172413793105     8.72484003876792900e-3 
1.5517241379310347     9.104250024724396000e-3 
1.637931034482759     9.472825241484741000e-3 
1.7241379310344829     9.831023266520773000e-3 
1.8103448275862069     1.017927626891004200e-2 
1.896551724137931     1.051799274878765500e-2 
1.9827586206896552     1.084755913582929600e-2 
2.0689655172413794     1.1168341259916399e-2 
2.155172413793103     1.148068570575054600e-2 
2.2413793103448274     1.17849210619623500e-2 
2.3275862068965516     1.20813590741789180e-2 
2.413793103448276     1.237029571055605900e-2 
2.5     1.265201214743114600e-2 
2.586206896551724     1.292677568199679000e-2 
2.6724137931034484     1.319484057822250500e-2 
2.7586206896551726     1.345644885165165300e-2 
2.844827586206897     1.371183099816525600e-2 
2.931034482758621     1.396120667132519600e-2 
3.017241379310345     1.420478531248048300e-2 
3.1034482758620694     1.444276673743575300e-2 
3.1896551724137936     1.46753416831357800e-2 
3.275862068965518     1.490269231750962800e-2 
3.362068965517242     1.512499271533867000e-2 
3.4482758620689657     1.534240930276091800e-2 
3.6206896551724137     1.576322097407961400e-2 
3.793103448275862     1.61663209035417200e-2 
3.9655172413793105     1.655280426044237800e-2 
4.137931034482759     1.692367774739395300e-2 
4.310344827586206     1.727986835631396500e-2 
4.482758620689655     1.76222311046507800e-2 
4.655172413793103     1.7951555887769200e-2 
4.827586206896552     1.826857356310008200e-2 
5.     1.85739613646942720e-2 
5.172413793103448     1.886834773260716300e-2 
5.344827586206897     1.91523166295900380e-2 
5.517241379310345     1.942641140748353800e-2 
5.689655172413794     1.969113827717871600e-2 
5.862068965517242     1.994696942877085500e-2 
6.03448275862069     2.01943458423675610e-2 
6.206896551724139     2.043367982475123300e-2 
6.379310344827587     2.066535730259124700e-2 
6.551724137931036     2.088973989903546000e-2 
6.724137931034484     2.11071668171838480e-2 
6.8965517241379315     2.131795655107705000e-2 
7.068965517241379     2.15224084423513820e-2 
7.241379310344827     2.172080409856104500e-2 
7.413793103448276     2.19134086873000370e-2 
7.586206896551724     2.21004721186299500e-2 
7.758620689655173     2.228223012690099500e-2 
7.931034482758621     2.245890526181356000e-2 
8.10344827586207     2.26307077974809400e-2 
8.275862068965518     2.27978365673008910e-2 
8.448275862068964     2.29604797316052880e-2 
8.620689655172413     2.31188154843189050e-2 
8.793103448275861     2.327301270420687500e-2 
8.96551724137931     2.342323155571454700e-2 
9.137931034482758     2.35696240438938080e-2 
9.310344827586206     2.37123345274574400e-2 
9.482758620689655     2.385150019360193000e-2 
9.655172413793103     2.398725149788158400e-2 
9.827586206896552     2.411971257209882500e-2 
10.     2.424900160289107400e-2 
10.172413793103448     2.437523118344158700e-2 
10.344827586206897     2.449850864051383000e-2 
10.517241379310345     2.461893633880610200e-2 
10.689655172413794     2.473661196444045000e-2 
10.862068965517242     2.48516287892357080e-2 
11.03448275862069     2.496407591726761400e-2 
11.206896551724139     2.507403851508546700e-2 
11.379310344827587     2.518159802683566000e-2 
11.551724137931036     2.528683237543385400e-2 
11.724137931034484     2.538981615083023600e-2 
11.896551724137932     2.54906207863236300e-2 
12.06896551724138     2.558931472380040500e-2 
12.24137931034483     2.568596356870129000e-2 
12.413793103448278     2.578063023545355500e-2 
12.586206896551726     2.587337508404599600e-2 
12.758620689655174     2.596425604836964400e-2 
12.931034482758623     2.605332875689778700e-2 
13.103448275862071     2.614064664623342000e-2 
13.27586206896552     2.62262610680111300e-2 
13.448275862068968     2.631022138960290600e-2 
13.620689655172416     2.639257508904270000e-2 
13.793103448275863     2.64733678445534600e-2 
13.96551724137931     2.65526436190310700e-2 
14.137931034482758     2.66304447398138800e-2 
14.310344827586206     2.670681197404159400e-2 
14.482758620689655     2.67817845998856200e-2 
14.655172413793103     2.68554004739123700e-2 
14.827586206896552     2.69276960948221200e-2 
15.     2.69987066637891600e-2 
15.172413793103448     2.70684661416124200e-2 
15.344827586206897     2.71370073028720300e-2 
15.517241379310345     2.7204361787272800e-2 
15.689655172413794     2.727056014834387000e-2 
15.862068965517242     2.733563189965194000e-2 
16.03448275862069     2.73996055586749900e-2 
16.20689655172414     2.74625086884733300e-2 
16.379310344827587     2.752436793728624000e-2 
16.551724137931036     2.758520907617333400e-2 
16.724137931034484     2.764505703481262000e-2 
16.896551724137932     2.770393593555964000e-2 
17.06896551724138     2.776186912586540000e-2 
17.24137931034483     2.781887920914468000e-2 
17.413793103448278     2.787498807418043500e-2 
17.586206896551726     2.793021692314466300e-2 
17.758620689655174     2.798458629831110000e-2 
17.931034482758623     2.803811610753036000e-2 
18.275862068965516     2.814273363213014600e-2 
18.620689655172413     2.824421696758781000e-2 
18.96551724137931     2.834270487893808500e-2 
19.310344827586206     2.843832805865982300e-2 
19.655172413793103     2.85312097052799600e-2 
20.     2.86214660529146600e-2 
20.344827586206897     2.870920685653395000e-2 
20.689655172413794     2.879453583720922300e-2 
21.03448275862069     2.88775510911418300e-2 
21.379310344827587     2.895834546586361000e-2 
21.724137931034484     2.90370069066430260e-2 
22.06896551724138     2.91136187758138100e-2 
22.413793103448278     2.91882601474636400e-2 
22.758620689655174     2.92610060796729600e-2 
23.10344827586207     2.933192786627415400e-2 
23.448275862068968     2.94010932699061600e-2 
23.793103448275865     2.946856673796610000e-2 
24.13793103448276     2.953440960290446600e-2 
24.48275862068966     2.959868026817223400e-2 
24.827586206896555     2.96614343810051100e-2 
25.172413793103452     2.97227249931190300e-2 
25.51724137931035     2.97826027102925100e-2 
25.862068965517246     2.98411158317221300e-2 
26.20689655172414     2.98983104799578100e-2 
26.551724137931036     2.995423072215238600e-2 
26.896551724137932     3.00089186832955100e-2 
27.24137931034483     3.006241465204336000e-2 
27.586206896551726     3.01147571797028340e-2 
27.931034482758623     3.01659831728813600e-2 
28.27586206896552     3.021612798027028000e-2 
28.620689655172416     3.026522547399058700e-2 
28.965517241379313     3.031330812589448400e-2 
29.310344827586206     3.0360407079183800e-2 
29.655172413793103     3.040655221567740000e-2 
30.     3.045177221903275000e-2 
30.344827586206897     3.049609463420272500e-2 
30.689655172413794     3.05395459233867500e-2 
31.03448275862069     3.05821515187149700e-2 
31.379310344827587     3.062393587188584300e-2 
31.724137931034484     3.06649225009608400e-2 
32.06896551724138     3.070513403450430600e-2 
32.41379310344828     3.074459225324260000e-2 
32.758620689655174     3.078331812940370000e-2 
33.10344827586207     3.082133186388647500e-2 
33.44827586206897     3.085865292139811600e-2 
33.793103448275865     3.089530006368813600e-2 
34.13793103448276     3.093129138099804400e-2 
34.48275862068966     3.096664432183766600e-2 
34.827586206896555     3.100137572119091600e-2 
35.17241379310345     3.103550182724688600e-2 
35.51724137931035     3.106903832674534600e-2 
35.862068965517246     3.110200036901994000e-2 
36.20689655172414     3.11344025888161600e-2 
36.55172413793104     3.116625912795666000e-2 
36.896551724137936     3.119758365592100000e-2 
37.24137931034483     3.12283893894029900e-2 
37.58620689655173     3.12586891109041530e-2 
37.93103448275862     3.128849518641852500e-2 
38.275862068965516     3.13178195822600200e-2 
38.62068965517241     3.13466738810805330e-2 
38.96551724137931     3.13750692971237900e-2 
39.310344827586206     3.140301669075723500e-2 
39.6551724137931     3.143052658232136600e-2 
40.     3.14576091653337500e-2 
40.3448275862069     3.148427431908254500e-2 
40.689655172413794     3.15105316206420400e-2 
41.03448275862069     3.153639035634114000e-2 
41.37931034482759     3.156185953271343000e-2 
41.724137931034484     3.15869478869562300e-2 
42.06896551724138     3.161166389692373600e-2 
42.41379310344828     3.16360157906786950e-2 
42.758620689655174     3.166001155562494500e-2 
43.10344827586207     3.16836589472421770e-2 
43.44827586206897     3.17069654974430700e-2 
43.793103448275865     3.17299385225715500e-2 
44.13793103448276     3.175258513106017400e-2 
44.48275862068966     3.17749122307634600e-2 
44.827586206896555     3.179692653598286700e-2 
45.17241379310345     3.1818634574198700e-2 
45.51724137931035     3.184004269252297400e-2 
45.862068965517246     3.18611570638865700e-2 
46.20689655172414     3.18819836929735260e-2 
46.55172413793104     3.19025284219143450e-2 
46.896551724137936     3.1922796935749600e-2 
47.24137931034483     3.19427947676747500e-2 
47.58620689655173     3.19625273040761200e-2 
47.931034482758626     3.19819997893678900e-2 
48.27586206896552     3.200121733063890400e-2 
48.62068965517242     3.20201849021184200e-2 
48.96551724137932     3.203890734946849300e-2 
49.31034482758621     3.20573893939110840e-2 
49.65517241379311     3.2075635636197300e-2 
50.00000000000001     3.209365056042551000e-2 
50.344827586206904     3.21114385377152600e-2 
50.689655172413794     3.212900382974321300e-2 
51.03448275862069     3.21463505921470700e-2 
51.37931034482759     3.216348287780327300e-2 
51.724137931034484     3.21804046399838400e-2 
52.06896551724138     3.21971197353975700e-2 
52.41379310344828     3.22136319271204700e-2 
52.758620689655174     3.22299448874201500e-2 
53.10344827586207     3.22460622004785300e-2 
53.44827586206897     3.22619873650172360e-2 
53.793103448275865     3.22777237968296100e-2 
54.13793103448276     3.22932748312232400e-2 
54.48275862068966     3.230864372537667000e-2 
54.827586206896555     3.23238336606137660e-2 
55.17241379310345     3.23388477445991750e-2 
55.51724137931035     3.23536890134577800e-2 
55.862068965517246     3.23683604338216360e-2 
56.20689655172414     3.23828649048068500e-2 
56.55172413793104     3.23972052599234060e-2 
56.896551724137936     3.241138426892055000e-2 
57.24137931034483     3.24254046395702270e-2 
57.58620689655173     3.243926901939095400e-2 
57.931034482758626     3.245297999731451000e-2 
58.27586206896552     3.246654010529763700e-2 
58.62068965517242     3.2479951819880700e-2 
58.96551724137932     3.24932175636956300e-2 
59.31034482758621     3.25063397069247700e-2 
59.65517241379311     3.25193205687126500e-2 
60.     3.25321624185323730e-2 
60.3448275862069     3.254486747750839000e-2 
60.689655172413794     3.255743791969717400e-2 
61.37931034482759     3.258218342200143000e-2 
62.06896551724138     3.26064154227015900e-2 
62.758620689655174     3.26301497414057700e-2 
63.44827586206897     3.265340155451426600e-2 
64.13793103448276     3.26761854275808300e-2 
64.82758620689656     3.26985153457394500e-2 
65.51724137931035     3.27204047423305170e-2 
66.20689655172414     3.274186652584925600e-2 
66.89655172413794     3.276291310533014400e-2 
67.58620689655173     3.278355641427211400e-2 
68.27586206896552     3.28038079332016400e-2 
68.96551724137932     3.28236787109630400e-2 
69.65517241379311     3.28431793848193540e-2 
70.3448275862069     3.286232019944028700e-2 
71.0344827586207     3.288111102484856400e-2 
71.72413793103449     3.289956137339087300e-2 
72.41379310344828     3.29176804157944370e-2 
73.10344827586208     3.2935476996366400e-2 
73.79310344827587     3.295295964738889600e-2 
74.48275862068967     3.29701366027589100e-2 
75.17241379310346     3.298701581091892400e-2 
75.86206896551725     3.3003604947120796e-2 
76.55172413793105     3.30199114250629640e-2 
77.24137931034483     3.303594240793751300e-2 
77.93103448275862     3.30517048189223600e-2 
78.62068965517241     3.306720535115026400e-2 
79.3103448275862     3.30824504771850500e-2 
80.     3.30974464580333700e-2 
